  1.255129e-03   7.089780e-01   1.338324e-01
  1.351295e-03   5.893130e-01   4.258515e-02
  1.447124e-03   6.036300e-01   2.654327e-02
  1.542614e-03   5.568580e-01   2.071420e-02
  1.637766e-03   4.936770e-01   1.743354e-02
  1.732581e-03   4.080360e-01   1.487617e-02
  1.827057e-03   3.739850e-01   1.296036e-02
  1.921196e-03   3.597780e-01   1.166666e-02
  2.014998e-03   3.243940e-01   1.082804e-02
  2.108461e-03   2.968025e-01   1.040168e-02
  2.201587e-03   2.952801e-01   1.027065e-02
  2.294376e-03   2.925644e-01   1.030646e-02
  2.386827e-03   2.833487e-01   1.043971e-02
  2.478941e-03   2.560808e-01   9.310354e-03
  2.570718e-03   2.471345e-01   8.002925e-03
  2.662158e-03   2.204302e-01   6.889557e-03
  2.753261e-03   2.222588e-01   6.049939e-03
  2.844027e-03   2.176624e-01   5.413413e-03
  2.934456e-03   2.076041e-01   4.999046e-03
  3.024548e-03   2.041516e-01   4.858031e-03
  3.114304e-03   2.021726e-01   4.939233e-03
  3.203723e-03   1.915548e-01   5.228623e-03
  3.292806e-03   1.915376e-01   5.701070e-03
  3.381552e-03   1.860374e-01   5.333192e-03
  3.469962e-03   1.722843e-01   4.514168e-03
  3.558036e-03   1.766560e-01   3.825866e-03
  3.645774e-03   1.822845e-01   3.384544e-03
  3.733177e-03   1.745532e-01   3.238283e-03
  3.820243e-03   1.650876e-01   3.382034e-03
  3.906973e-03   1.689224e-01   3.759544e-03
  3.993368e-03   1.584441e-01   4.051817e-03
  4.079428e-03   1.570419e-01   3.678110e-03
  4.165152e-03   1.587573e-01   3.051817e-03
  4.250540e-03   1.545546e-01   2.623939e-03
  4.335594e-03   1.528358e-01   2.494786e-03
  4.420313e-03   1.528782e-01   2.692398e-03
  4.504696e-03   1.497076e-01   3.131422e-03
  4.588745e-03   1.498351e-01   3.178867e-03
  4.672459e-03   1.426445e-01   2.704747e-03
  4.755839e-03   1.443262e-01   2.252379e-03
  4.838884e-03   1.406288e-01   2.117698e-03
  4.921595e-03   1.356580e-01   2.346918e-03
  5.003972e-03   1.385851e-01   2.841775e-03
  5.086015e-03   1.390598e-01   2.787130e-03
  5.167724e-03   1.374942e-01   2.209221e-03
  5.249099e-03   1.350949e-01   1.900466e-03
  5.330141e-03   1.324744e-01   1.988202e-03
  5.410849e-03   1.305830e-01   2.418729e-03
  5.491224e-03   1.350607e-01   2.504000e-03
  5.571266e-03   1.298093e-01   2.061637e-03
  5.650975e-03   1.248018e-01   1.745815e-03
  5.730351e-03   1.219293e-01   1.861639e-03
  5.809394e-03   1.224047e-01   2.351221e-03
  5.888105e-03   1.249610e-01   2.318089e-03
  5.966483e-03   1.210517e-01   1.780136e-03
  6.044530e-03   1.200174e-01   1.586916e-03
  6.122244e-03   1.207247e-01   1.891968e-03
  6.199626e-03   1.228011e-01   2.182122e-03
  6.276677e-03   1.199631e-01   1.861209e-03
  6.353396e-03   1.176625e-01   1.509128e-03
  6.429783e-03   1.167371e-01   1.683562e-03
  6.505840e-03   1.184902e-01   2.074806e-03
  6.581565e-03   1.156631e-01   1.874317e-03
  6.656960e-03   1.156559e-01   1.456446e-03
  6.732024e-03   1.157973e-01   1.614373e-03
  6.806758e-03   1.158507e-01   2.036484e-03
  6.881161e-03   1.106532e-01   1.823331e-03
  6.955234e-03   1.096964e-01   1.417587e-03
  7.028978e-03   1.092631e-01   1.664633e-03
  7.102392e-03   1.088880e-01   1.990580e-03
  7.175476e-03   1.084588e-01   1.652329e-03
  7.248231e-03   1.108938e-01   1.409753e-03
  7.320658e-03   1.137290e-01   1.882249e-03
  7.392755e-03   1.087626e-01   1.950432e-03
  7.464524e-03   1.066748e-01   1.423387e-03
  7.535964e-03   1.042952e-01   1.523296e-03
  7.607077e-03   1.003241e-01   1.902296e-03
  7.677861e-03   1.009268e-01   1.591258e-03
  7.748318e-03   1.013982e-01   1.354270e-03
  7.818447e-03   1.019250e-01   1.876992e-03
  7.888249e-03   9.908760e-02   1.803762e-03
  7.957724e-03   1.001523e-01   1.308393e-03
  8.026873e-03   1.009374e-01   1.707236e-03
  8.095694e-03   9.911581e-02   1.810813e-03
  8.164190e-03   9.686837e-02   1.303278e-03
  8.232360e-03   9.591060e-02   1.575862e-03
  8.300204e-03   9.904062e-02   1.804844e-03
  8.367723e-03   9.679668e-02   1.317761e-03
  8.434916e-03   9.561481e-02   1.513135e-03
  8.501785e-03   9.548333e-02   1.735887e-03
  8.568329e-03   9.281719e-02   1.262151e-03
  8.634549e-03   9.137294e-02   1.479255e-03
  8.700444e-03   9.087001e-02   1.665346e-03
  8.766016e-03   8.977296e-02   1.189894e-03
  8.831265e-03   8.926126e-02   1.528652e-03
  8.896190e-03   9.171633e-02   1.601950e-03
  8.960793e-03   9.217130e-02   1.126566e-03
  9.025073e-03   9.259367e-02   1.583876e-03
  9.089031e-03   9.020697e-02   1.480029e-03
  9.152667e-03   8.941864e-02   1.127355e-03
  9.215981e-03   8.834043e-02   1.529457e-03
  9.278974e-03   8.691620e-02   1.226776e-03
  9.341646e-03   8.686825e-02   1.260443e-03
  9.403998e-03   8.840154e-02   1.498793e-03
  9.466029e-03   8.752914e-02   1.062157e-03
  9.527741e-03   8.687037e-02   1.481464e-03
  9.589133e-03   8.511684e-02   1.365516e-03
  9.650206e-03   8.494585e-02   1.110764e-03
  9.710960e-03   8.481040e-02   1.447255e-03
  9.771396e-03   8.344289e-02   1.054624e-03
  9.831513e-03   8.267033e-02   1.433563e-03
  9.891313e-03   8.102370e-02   1.357733e-03
  9.950796e-03   8.086447e-02   1.082179e-03
  1.000996e-02   8.059683e-02   1.384812e-03
  1.006881e-02   8.032987e-02   9.875205e-04
  1.012734e-02   8.012950e-02   1.378283e-03
  1.018556e-02   7.975926e-02   1.184310e-03
  1.024346e-02   7.955938e-02   1.199970e-03
  1.030105e-02   7.860269e-02   1.339602e-03
  1.035832e-02   7.914400e-02   9.822109e-04
  1.041528e-02   8.005969e-02   1.351643e-03
  1.047193e-02   8.009525e-02   9.626932e-04
  1.052826e-02   8.004803e-02   1.315990e-03
  1.058428e-02   7.973622e-02   1.103653e-03
  1.063999e-02   7.958927e-02   1.293493e-03
  1.069539e-02   7.526228e-02   1.293051e-03
  1.075047e-02   7.548142e-02   1.068887e-03
  1.080525e-02   7.637047e-02   1.283676e-03
  1.085971e-02   7.651877e-02   9.408250e-04
  1.091386e-02   7.677801e-02   1.269887e-03
  1.096771e-02   7.653945e-02   8.941114e-04
  1.102125e-02   7.629911e-02   1.258910e-03
  1.107447e-02   7.478460e-02   9.081943e-04
  1.112739e-02   7.385147e-02   1.246574e-03
  1.118001e-02   7.373461e-02   9.533500e-04
  1.123232e-02   7.368672e-02   1.236074e-03
  1.128432e-02   7.461293e-02   1.006208e-03
  1.133601e-02   7.485216e-02   1.227097e-03
  1.138740e-02   7.327031e-02   1.049942e-03
  1.143849e-02   7.298721e-02   1.217814e-03
  1.148927e-02   7.015256e-02   1.061998e-03
  1.153975e-02   6.978666e-02   1.189972e-03
  1.158993e-02   7.053532e-02   1.066395e-03
  1.163981e-02   7.062852e-02   1.189540e-03
  1.168938e-02   7.172077e-02   1.043893e-03
  1.173865e-02   7.187021e-02   1.178368e-03
  1.178763e-02   6.992001e-02   9.943654e-04
  1.183630e-02   6.954865e-02   1.163179e-03
  1.188468e-02   7.066301e-02   9.357156e-04
  1.193275e-02   7.099643e-02   1.164486e-03
  1.198053e-02   6.859235e-02   8.678868e-04
  1.202802e-02   6.748772e-02   1.149077e-03
  1.207521e-02   6.724156e-02   8.165960e-04
  1.212210e-02   6.704803e-02   1.144724e-03
  1.216870e-02   6.611880e-02   8.171177e-04
  1.221500e-02   6.482479e-02   1.130707e-03
  1.226101e-02   6.476773e-02   9.053653e-04
  1.230673e-02   6.457872e-02   1.129103e-03
  1.235216e-02   6.458761e-02   1.099362e-03
  1.239730e-02   6.488009e-02   1.113424e-03
  1.244215e-02   6.488009e-02   1.113424e-03
  1.248670e-02   6.445969e-02   9.068443e-04
  1.253097e-02   6.434367e-02   1.113880e-03
  1.257496e-02   6.436296e-02   7.838272e-04
  1.261865e-02   6.437842e-02   1.102554e-03
  1.266206e-02   6.432578e-02   9.025307e-04
  1.270519e-02   6.412567e-02   1.093676e-03
  1.274803e-02   6.412567e-02   1.093676e-03
  1.279059e-02   6.358914e-02   9.460944e-04
  1.283286e-02   6.350419e-02   1.080057e-03
  1.287486e-02   6.308638e-02   7.628226e-04
  1.291657e-02   6.263750e-02   1.076155e-03
  1.295801e-02   6.258923e-02   1.008050e-03
  1.299916e-02   6.189176e-02   1.062257e-03
  1.304004e-02   6.189176e-02   1.062257e-03
  1.308064e-02   6.221488e-02   7.670786e-04
  1.312097e-02   6.242590e-02   1.061413e-03
  1.316102e-02   6.231806e-02   9.544503e-04
  1.320080e-02   6.141743e-02   1.047562e-03
  1.324031e-02   6.141743e-02   1.047562e-03
  1.327954e-02   6.072602e-02   7.451246e-04
  1.331851e-02   6.018151e-02   1.045153e-03
  1.335720e-02   6.018151e-02   1.045153e-03
  1.339563e-02   5.953357e-02   1.007164e-03
  1.343379e-02   5.951439e-02   1.036562e-03
  1.347169e-02   5.926942e-02   7.712533e-04
  1.350932e-02   5.878217e-02   1.031896e-03
  1.354668e-02   5.878217e-02   1.031896e-03
  1.358379e-02   5.871609e-02   7.595403e-04
  1.362063e-02   5.867988e-02   1.030693e-03
  1.365721e-02   5.867988e-02   1.030693e-03
  1.369354e-02   5.797207e-02   9.355153e-04
  1.372960e-02   5.790047e-02   1.024818e-03
  1.376542e-02   5.769482e-02   9.146652e-04
  1.380097e-02   5.610806e-02   1.019862e-03
  1.383627e-02   5.610806e-02   1.019862e-03
  1.387133e-02   5.613283e-02   7.921635e-04
  1.390613e-02   5.616112e-02   1.002517e-03
  1.394068e-02   5.616112e-02   1.002517e-03
  1.397498e-02   5.647630e-02   7.365736e-04
  1.400903e-02   5.704003e-02   9.963777e-04
  1.404284e-02   5.704003e-02   9.963777e-04
  1.407641e-02   5.575604e-02   7.241472e-04
  1.410974e-02   5.363359e-02   9.967706e-04
  1.414282e-02   5.363359e-02   9.967706e-04
  1.417566e-02   5.485217e-02   7.421505e-04
  1.420827e-02   5.719370e-02   1.007817e-03
  1.424064e-02   5.719370e-02   1.007817e-03
  1.427278e-02   5.684914e-02   8.076433e-04
  1.430468e-02   5.570977e-02   1.017104e-03
  1.433636e-02   5.570977e-02   1.017104e-03
  1.436780e-02   5.569497e-02   9.577123e-04
  1.439901e-02   5.546065e-02   1.014940e-03
  1.443000e-02   5.546065e-02   1.014940e-03
  1.446077e-02   5.546065e-02   1.014940e-03
  1.449131e-02   5.428160e-02   8.455360e-04
  1.452163e-02   5.399041e-02   1.021703e-03
  1.455173e-02   5.399041e-02   1.021703e-03
  1.458161e-02   5.434513e-02   7.242143e-04
  1.461128e-02   5.473970e-02   1.024058e-03
  1.464074e-02   5.473970e-02   1.024058e-03
  1.466998e-02   5.471916e-02   9.623452e-04
  1.469902e-02   5.438778e-02   1.013379e-03
  1.472784e-02   5.438778e-02   1.013379e-03
  1.475646e-02   5.438778e-02   1.013379e-03
  1.478488e-02   5.388719e-02   7.228055e-04
  1.481309e-02   5.348971e-02   1.016299e-03
  1.484111e-02   5.348971e-02   1.016299e-03
  1.486893e-02   5.348971e-02   1.016299e-03
  1.489655e-02   5.196961e-02   9.881637e-04
  1.492398e-02   5.192542e-02   1.016392e-03
  1.495122e-02   5.192542e-02   1.016392e-03
  1.497827e-02   5.186955e-02   7.773534e-04
  1.500514e-02   5.172193e-02   1.008346e-03
  1.503182e-02   5.172193e-02   1.008346e-03
  1.505832e-02   5.172193e-02   1.008346e-03
  1.508464e-02   5.124624e-02   7.120709e-04
  1.511078e-02   5.079352e-02   1.005272e-03
  1.513675e-02   5.079352e-02   1.005272e-03
  1.516254e-02   5.079352e-02   1.005272e-03
  1.518817e-02   5.148152e-02   7.355589e-04
  1.521363e-02   5.187633e-02   1.004628e-03
  1.523893e-02   5.187633e-02   1.004628e-03
  1.526406e-02   5.187633e-02   1.004628e-03
  1.528904e-02   5.064233e-02   7.425271e-04
  1.531385e-02   5.000291e-02   1.000459e-03
  1.533852e-02   5.000291e-02   1.000459e-03
  1.536303e-02   5.000291e-02   1.000459e-03
  1.538740e-02   4.948920e-02   7.186275e-04
  1.541162e-02   4.908898e-02   1.008929e-03
  1.543570e-02   4.908898e-02   1.008929e-03
  1.545964e-02   4.908898e-02   1.008929e-03
  1.548345e-02   4.938244e-02   7.267052e-04
  1.550712e-02   4.981241e-02   1.002510e-03
  1.553066e-02   4.981241e-02   1.002510e-03
  1.555407e-02   4.981241e-02   1.002510e-03
  1.557736e-02   4.982534e-02   8.930841e-04
  1.560053e-02   4.988395e-02   9.879073e-04
  1.562358e-02   4.988395e-02   9.879073e-04
  1.564652e-02   4.988395e-02   9.879073e-04
  1.566934e-02   4.988395e-02   9.879073e-04
  1.569206e-02   4.906044e-02   7.699787e-04
  1.571468e-02   4.876707e-02   9.834210e-04
  1.573719e-02   4.876707e-02   9.834210e-04
  1.575961e-02   4.876707e-02   9.834210e-04
  1.578194e-02   4.859853e-02   7.698296e-04
  1.580417e-02   4.809487e-02   9.920975e-04
  1.582632e-02   4.809487e-02   9.920975e-04
  1.584839e-02   4.809487e-02   9.920975e-04
  1.587038e-02   4.809487e-02   9.920975e-04
  1.589229e-02   4.764757e-02   7.612578e-04
  1.591414e-02   4.747584e-02   9.826890e-04
  1.593591e-02   4.747584e-02   9.826890e-04
  1.595763e-02   4.747584e-02   9.826890e-04
  1.597929e-02   4.754033e-02   8.887281e-04
  1.600089e-02   4.811144e-02   9.814964e-04
  1.602244e-02   4.811144e-02   9.814964e-04
  1.604394e-02   4.811144e-02   9.814964e-04
  1.606541e-02   4.811144e-02   9.814964e-04
  1.608683e-02   4.738212e-02   6.993602e-04
  1.610823e-02   4.642509e-02   9.782358e-04
  1.612959e-02   4.642509e-02   9.782358e-04
  1.615094e-02   4.642509e-02   9.782358e-04
  1.617226e-02   4.642509e-02   9.782358e-04
  1.619357e-02   4.705459e-02   7.589504e-04
  1.621487e-02   4.728621e-02   9.747804e-04
  1.623616e-02   4.728621e-02   9.747804e-04
  1.625746e-02   4.728621e-02   9.747804e-04
  1.627875e-02   4.727405e-02   9.603928e-04
  1.630006e-02   4.646944e-02   9.703140e-04
  1.632139e-02   4.646944e-02   9.703140e-04
  1.634273e-02   4.646944e-02   9.703140e-04
  1.636411e-02   4.646944e-02   9.703140e-04
  1.638551e-02   4.631633e-02   7.273326e-04
  1.640695e-02   4.598498e-02   9.572509e-04
  1.642843e-02   4.598498e-02   9.572509e-04
  1.644996e-02   4.598498e-02   9.572509e-04
  1.647154e-02   4.598498e-02   9.572509e-04
  1.649318e-02   4.623951e-02   7.096402e-04
  1.651489e-02   4.637543e-02   9.624538e-04
  1.653666e-02   4.637543e-02   9.624538e-04
  1.655851e-02   4.637543e-02   9.624538e-04
  1.658045e-02   4.631893e-02   9.117284e-04
  1.660247e-02   4.534060e-02   9.534203e-04
  1.662459e-02   4.534060e-02   9.534203e-04
  1.664681e-02   4.534060e-02   9.534203e-04
  1.666914e-02   4.534060e-02   9.534203e-04
  1.669159e-02   4.575646e-02   6.794745e-04
  1.671415e-02   4.611481e-02   9.619837e-04
  1.673684e-02   4.611481e-02   9.619837e-04
  1.675967e-02   4.611481e-02   9.619837e-04
  1.678264e-02   4.560730e-02   8.370153e-04
  1.680575e-02   4.256287e-02   9.379775e-04
  1.682902e-02   4.256287e-02   9.379775e-04
  1.685246e-02   4.256287e-02   9.379775e-04
  1.687606e-02   4.256287e-02   9.379775e-04
  1.689984e-02   4.343642e-02   8.159472e-04
  1.692380e-02   4.359214e-02   9.458765e-04
  1.694796e-02   4.359214e-02   9.458765e-04
  1.697232e-02   4.359214e-02   9.458765e-04
  1.699688e-02   4.347879e-02   7.220663e-04
  1.702166e-02   4.343128e-02   9.443089e-04
  1.704667e-02   4.343128e-02   9.443089e-04
  1.707190e-02   4.343128e-02   9.443089e-04
  1.709738e-02   4.326487e-02   7.252625e-04
  1.712310e-02   4.318494e-02   9.571121e-04
  1.714909e-02   4.318494e-02   9.571121e-04
  1.717533e-02   4.318494e-02   9.571121e-04
  1.720185e-02   4.189919e-02   8.226967e-04
  1.722866e-02   4.166782e-02   9.558072e-04
  1.725575e-02   4.166782e-02   9.558072e-04
  1.728315e-02   4.189372e-02   8.304606e-04
  1.731086e-02   4.319846e-02   9.542763e-04
  1.733889e-02   4.319846e-02   9.542763e-04
  1.736725e-02   4.319846e-02   9.542763e-04
  1.739594e-02   4.303879e-02   6.908292e-04
  1.742499e-02   4.290793e-02   9.700174e-04
  1.745439e-02   4.290793e-02   9.700174e-04
  1.748416e-02   4.300325e-02   8.172453e-04
  1.751431e-02   4.345052e-02   9.778755e-04
  1.754485e-02   4.345052e-02   9.778755e-04
  1.757579e-02   4.345052e-02   9.778755e-04
  1.760714e-02   4.321809e-02   8.886319e-04
  1.763891e-02   4.319363e-02   9.694932e-04
  1.767111e-02   4.319363e-02   9.694932e-04
  1.770376e-02   4.200556e-02   7.833004e-04
  1.773686e-02   4.167541e-02   9.651340e-04
  1.777042e-02   4.167541e-02   9.651340e-04
  1.780446e-02   4.150307e-02   7.854045e-04
  1.783900e-02   4.145122e-02   9.748167e-04
  1.787403e-02   4.145122e-02   9.748167e-04
  1.790957e-02   3.983667e-02   8.717778e-04
  1.794564e-02   3.965834e-02   9.628755e-04
  1.798225e-02   3.982458e-02   8.457423e-04
  1.801940e-02   4.092837e-02   9.734783e-04
  1.805712e-02   4.092837e-02   9.734783e-04
  1.809542e-02   4.055966e-02   6.873273e-04
  1.813430e-02   4.016879e-02   9.692974e-04
  1.817378e-02   4.016879e-02   9.692974e-04
  1.821388e-02   4.155606e-02   9.124377e-04
  1.825461e-02   4.166381e-02   9.799682e-04
  1.829598e-02   4.120336e-02   6.949360e-04
  1.833801e-02   4.069312e-02   9.837657e-04
  1.838071e-02   4.058542e-02   8.781067e-04
  1.842409e-02   3.975632e-02   9.830585e-04
  1.846818e-02   3.975632e-02   9.830585e-04
  1.851297e-02   3.773593e-02   8.390799e-04
  1.855850e-02   3.734674e-02   9.824304e-04
  1.860478e-02   3.842040e-02   7.211919e-04
  1.865181e-02   3.900049e-02   9.784152e-04
  1.869962e-02   3.807861e-02   6.923764e-04
  1.874822e-02   3.723873e-02   9.778008e-04
  1.879763e-02   3.773482e-02   6.929472e-04
  1.884787e-02   3.828350e-02   9.798464e-04
  1.889894e-02   3.754434e-02   6.840147e-04
  1.895088e-02   3.682896e-02   9.551823e-04
  1.900369e-02   3.751539e-02   6.856695e-04
  1.905739e-02   3.802332e-02   9.621000e-04
  1.911200e-02   3.785076e-02   7.303767e-04
  1.916753e-02   3.777938e-02   9.365040e-04
  1.922402e-02   3.638401e-02   8.579620e-04
  1.928146e-02   3.625195e-02   7.917117e-04
  1.933989e-02   3.624816e-02   9.248895e-04
  1.939932e-02   3.570611e-02   6.528657e-04
  1.945977e-02   3.510102e-02   9.181895e-04
  1.952126e-02   3.655679e-02   7.664668e-04
  1.958381e-02   3.686780e-02   7.460745e-04
  1.964743e-02   3.682733e-02   9.148901e-04
  1.971216e-02   3.621023e-02   6.731566e-04
  1.977800e-02   3.586534e-02   7.991295e-04
  1.984499e-02   3.573329e-02   8.962759e-04
  1.991313e-02   3.523215e-02   6.593739e-04
  1.998246e-02   3.502686e-02   7.357796e-04
  2.005299e-02   3.528656e-02   8.840593e-04
  2.012474e-02   3.518732e-02   7.236511e-04
  2.019774e-02   3.486868e-02   6.314269e-04
  2.027202e-02   3.440104e-02   8.160194e-04
  2.034758e-02   3.357472e-02   8.697670e-04
  2.042446e-02   3.467484e-02   6.807703e-04
  2.050268e-02   3.465048e-02   6.098635e-04
  2.058226e-02   3.430248e-02   7.064621e-04
  2.066323e-02   3.468834e-02   8.544430e-04
  2.074561e-02   3.388197e-02   8.252962e-04
  2.082943e-02   3.280357e-02   6.789355e-04
  2.091471e-02   3.245835e-02   6.063611e-04
  2.100147e-02   3.239517e-02   6.026262e-04
  2.108975e-02   3.254657e-02   6.445954e-04
  2.117957e-02   3.295643e-02   7.041782e-04
  2.127095e-02   3.265446e-02   7.624100e-04
  2.136392e-02   3.329389e-02   8.165479e-04
  2.145851e-02   3.226089e-02   8.388865e-04
  2.155475e-02   3.140201e-02   7.975860e-04
  2.165266e-02   3.068499e-02   7.692744e-04
  2.175228e-02   3.047983e-02   7.592558e-04
  2.185362e-02   2.986562e-02   7.550349e-04
  2.195673e-02   3.108427e-02   7.653504e-04
  2.206163e-02   2.974406e-02   7.742404e-04
  2.216835e-02   2.993454e-02   7.348428e-04
  2.227692e-02   3.102208e-02   6.791728e-04
  2.238737e-02   3.068422e-02   6.232380e-04
  2.249974e-02   3.046569e-02   5.814944e-04
  2.261405e-02   2.951947e-02   5.631095e-04
  2.273034e-02   2.868449e-02   5.819334e-04
  2.284863e-02   2.826615e-02   6.447710e-04
  2.296897e-02   2.799915e-02   6.581493e-04
  2.309138e-02   2.785407e-02   5.969500e-04
  2.321591e-02   2.788328e-02   5.617388e-04
  2.334258e-02   2.727339e-02   6.122740e-04
  2.347143e-02   2.749640e-02   6.340380e-04
  2.360249e-02   2.722888e-02   5.833499e-04
  2.373580e-02   2.805930e-02   5.871518e-04
  2.387140e-02   2.610320e-02   6.089598e-04
  2.400932e-02   2.712230e-02   5.749821e-04
  2.414961e-02   2.600323e-02   6.172739e-04
  2.429229e-02   2.552166e-02   6.138963e-04
  2.443741e-02   2.620535e-02   5.879852e-04
  2.458500e-02   2.524838e-02   5.847835e-04
  2.473512e-02   2.601994e-02   5.823496e-04
  2.488778e-02   2.566667e-02   5.752591e-04
  2.504305e-02   2.500453e-02   5.947592e-04
  2.520095e-02   2.556382e-02   5.846958e-04
  2.536153e-02   2.584902e-02   5.571846e-04
  2.552483e-02   2.381576e-02   5.762403e-04
  2.569089e-02   2.354422e-02   5.495794e-04
  2.585976e-02   2.468503e-02   5.443131e-04
  2.603149e-02   2.326732e-02   5.733332e-04
  2.620611e-02   2.342651e-02   5.588179e-04
  2.638367e-02   2.325561e-02   5.222623e-04
  2.656422e-02   2.210126e-02   5.260006e-04
  2.674780e-02   2.227940e-02   5.488156e-04
  2.693447e-02   2.167316e-02   5.747244e-04
  2.712426e-02   2.124819e-02   5.628555e-04
  2.731723e-02   2.198473e-02   5.415157e-04
  2.751343e-02   2.137331e-02   5.247729e-04
  2.771290e-02   2.185724e-02   5.168833e-04
  2.791571e-02   2.109433e-02   5.175536e-04
  2.812188e-02   2.147256e-02   5.269169e-04
  2.833149e-02   1.978613e-02   5.318520e-04
  2.854458e-02   2.095511e-02   5.216475e-04
  2.876121e-02   2.014332e-02   4.906524e-04
  2.898143e-02   2.006837e-02   4.683417e-04
  2.920529e-02   1.977695e-02   4.708438e-04
  2.943286e-02   2.059564e-02   4.891646e-04
  2.966417e-02   1.927451e-02   4.765496e-04
  2.989931e-02   1.952412e-02   4.591836e-04
  3.013831e-02   1.927567e-02   4.598815e-04
  3.038125e-02   1.911206e-02   4.526132e-04
  3.062818e-02   1.798697e-02   4.552532e-04
  3.087915e-02   1.796677e-02   4.530371e-04
  3.113424e-02   1.823382e-02   4.386850e-04
  3.139350e-02   1.723016e-02   4.394174e-04
  3.165700e-02   1.728565e-02   4.237882e-04
  3.192480e-02   1.806557e-02   4.310421e-04
  3.219696e-02   1.739691e-02   4.365195e-04
  3.247355e-02   1.648755e-02   4.345825e-04
  3.275464e-02   1.686184e-02   4.338723e-04
  3.304029e-02   1.697767e-02   4.402102e-04
  3.333058e-02   1.608792e-02   4.508818e-04
  3.362556e-02   1.613976e-02   4.630003e-04
  3.392532e-02   1.662940e-02   4.859991e-04
  3.422992e-02   1.596286e-02   4.695468e-04
  3.453943e-02   1.520140e-02   4.354499e-04
  3.485394e-02   1.524284e-02   4.135586e-04
  3.517350e-02   1.551390e-02   4.052421e-04
  3.549820e-02   1.473626e-02   4.127946e-04
  3.582811e-02   1.526802e-02   4.042893e-04
  3.616331e-02   1.491821e-02   3.818951e-04
  3.650388e-02   1.394009e-02   3.815484e-04
  3.684989e-02   1.414327e-02   3.753402e-04
  3.720144e-02   1.429451e-02   3.680555e-04
  3.755859e-02   1.404602e-02   3.677906e-04
  3.792143e-02   1.403769e-02   3.531202e-04
  3.829005e-02   1.345366e-02   3.588401e-04
  3.866453e-02   1.272721e-02   3.546425e-04
  3.904495e-02   1.256820e-02   3.393426e-04
  3.943141e-02   1.315685e-02   3.314849e-04
  3.982398e-02   1.319193e-02   3.280383e-04
  4.022277e-02   1.277603e-02   3.257463e-04
  4.062786e-02   1.237592e-02   3.199080e-04
  4.103934e-02   1.158117e-02   3.149999e-04
  4.145732e-02   1.164490e-02   3.146419e-04
  4.188187e-02   1.144739e-02   3.173630e-04
  4.231310e-02   1.175615e-02   3.111750e-04
  4.275110e-02   1.109593e-02   3.019166e-04
  4.319598e-02   1.125810e-02   3.016862e-04
  4.364783e-02   1.061411e-02   2.979417e-04
  4.410675e-02   1.142959e-02   2.904160e-04
  4.457285e-02   1.078707e-02   2.924044e-04
  4.504623e-02   1.102797e-02   2.902682e-04
  4.552700e-02   1.055066e-02   2.835051e-04
  4.601526e-02   1.007937e-02   2.754567e-04
  4.651112e-02   9.426600e-03   2.722028e-04
  4.701469e-02   1.000240e-02   2.685678e-04
  4.752609e-02   1.015949e-02   2.659235e-04
  4.804542e-02   9.555410e-03   2.673104e-04
  4.857280e-02   9.256620e-03   2.660695e-04
  4.910834e-02   8.814080e-03   2.567098e-04
  4.965217e-02   9.083750e-03   2.585636e-04
  5.020440e-02   9.345750e-03   2.540097e-04
  5.076516e-02   8.372960e-03   2.481796e-04
  5.133456e-02   9.033350e-03   2.488561e-04
  5.191273e-02   8.709550e-03   2.463028e-04
  5.249979e-02   8.551270e-03   2.390257e-04
  5.309588e-02   8.442920e-03   2.348684e-04
  5.370111e-02   8.291360e-03   2.319286e-04
  5.431564e-02   7.906550e-03   2.333497e-04
  5.493957e-02   8.082510e-03   2.310493e-04
  5.557306e-02   8.222940e-03   2.256298e-04
  5.621623e-02   7.570550e-03   2.247698e-04
  5.686923e-02   7.446270e-03   2.209140e-04
  5.753220e-02   7.728050e-03   2.165845e-04
  5.820527e-02   7.740750e-03   2.280600e-04
  5.888859e-02   7.187040e-03   2.359872e-04
  5.958231e-02   6.792000e-03   2.376131e-04
  6.028657e-02   7.041380e-03   2.393311e-04
  6.050452e-02   7.280200e-03   3.195072e-04
  6.100153e-02   7.335870e-03   2.413319e-04
  6.172734e-02   6.839300e-03   2.407031e-04
  6.246415e-02   7.092690e-03   2.351487e-04
  6.313764e-02   6.630450e-03   2.066888e-04
  6.321211e-02   6.262110e-03   2.365848e-04
  6.397139e-02   6.436250e-03   2.378886e-04
  6.474215e-02   6.177220e-03   2.333141e-04
  6.552454e-02   6.687970e-03   2.312971e-04
  6.577077e-02   6.320790e-03   1.814397e-04
  6.631874e-02   6.539060e-03   2.322435e-04
  6.712491e-02   5.422220e-03   2.300922e-04
  6.794322e-02   5.687690e-03   2.288022e-04
  6.840389e-02   5.841190e-03   1.632966e-04
  6.877385e-02   6.223100e-03   2.298850e-04
  6.961695e-02   5.467500e-03   2.285272e-04
  7.047273e-02   5.622240e-03   2.282061e-04
  7.103701e-02   5.746300e-03   1.426984e-04
  7.134134e-02   6.053530e-03   2.267071e-04
  7.222297e-02   5.616820e-03   2.216865e-04
  7.311781e-02   5.580280e-03   2.204768e-04
  7.367013e-02   5.596930e-03   1.381407e-04
  7.402605e-02   5.597940e-03   2.189118e-04
  7.494786e-02   6.125430e-03   2.210145e-04
  7.588345e-02   5.414570e-03   2.192256e-04
  7.630325e-02   5.372190e-03   1.305953e-04
  7.683300e-02   5.222310e-03   2.166338e-04
  7.779672e-02   5.327390e-03   2.154019e-04
  7.877480e-02   4.924750e-03   2.135793e-04
  7.893637e-02   4.953460e-03   1.259669e-04
  7.976744e-02   5.050470e-03   2.118708e-04
  8.077485e-02   4.879910e-03   2.100679e-04
  8.156949e-02   4.711330e-03   1.244228e-04
  8.179724e-02   4.858730e-03   2.115047e-04
  8.283481e-02   4.770850e-03   2.411229e-04
  8.388778e-02   4.571380e-03   2.677673e-04
  8.420261e-02   4.777240e-03   1.098370e-04
  8.495637e-02   3.929760e-03   2.890432e-04
  8.604080e-02   4.958840e-03   3.064997e-04
  8.683573e-02   4.538060e-03   1.111973e-04
  8.714128e-02   4.732650e-03   3.258058e-04
  8.825804e-02   4.642810e-03   3.373652e-04
  8.939131e-02   3.941460e-03   3.466142e-04
  8.946885e-02   4.300520e-03   1.056569e-04
  9.054132e-02   5.103380e-03   3.688199e-04
  9.170831e-02   5.183220e-03   3.914920e-04
  9.210198e-02   4.336020e-03   1.032505e-04
  9.289250e-02   4.216180e-03   4.233007e-04
  9.409416e-02   3.788450e-03   4.637663e-04
  9.473510e-02   3.907680e-03   1.026770e-04
  9.531350e-02   4.470650e-03   5.100562e-04
  9.655080e-02   4.539720e-03   5.884704e-04
  9.736822e-02   3.705780e-03   9.631897e-05
  9.780628e-02   4.035740e-03   7.074337e-04
  9.908022e-02   3.328370e-03   9.275716e-04
  1.000013e-01   3.821570e-03   9.618667e-05
  1.026345e-01   3.511150e-03   9.033931e-05
  1.052676e-01   3.440360e-03   9.189674e-05
  1.079007e-01   3.170540e-03   8.838159e-05
  1.105338e-01   3.076210e-03   8.777968e-05
  1.131669e-01   3.033580e-03   8.548814e-05
  1.158001e-01   2.990270e-03   8.225886e-05
  1.184332e-01   3.063080e-03   8.173544e-05
  1.210663e-01   2.728850e-03   8.008321e-05
  1.236994e-01   2.593980e-03   7.921375e-05
  1.263325e-01   2.651050e-03   7.831927e-05
  1.289657e-01   2.572050e-03   7.554945e-05
  1.315988e-01   2.503820e-03   7.633409e-05
  1.342319e-01   2.263350e-03   7.324737e-05
  1.368650e-01   2.216160e-03   7.201138e-05
  1.394982e-01   2.215950e-03   7.293084e-05
  1.421313e-01   2.047130e-03   7.165453e-05
  1.447644e-01   2.214060e-03   7.237897e-05
  1.473975e-01   2.033530e-03   7.020231e-05
  1.500306e-01   1.990410e-03   7.094803e-05
  1.526638e-01   1.847000e-03   6.987220e-05
  1.552969e-01   1.871420e-03   7.083220e-05
  1.579300e-01   1.735150e-03   6.702158e-05
  1.605631e-01   1.681060e-03   6.239047e-05
  1.631962e-01   1.771000e-03   6.179460e-05
  1.658294e-01   1.744650e-03   5.939924e-05
  1.684625e-01   1.626410e-03   5.962056e-05
  1.710956e-01   1.497970e-03   5.825632e-05
  1.737287e-01   1.537530e-03   5.633698e-05
  1.763618e-01   1.520530e-03   5.655963e-05
  1.789950e-01   1.522830e-03   5.458899e-05
  1.816281e-01   1.449260e-03   5.442266e-05
  1.842612e-01   1.471420e-03   5.301797e-05
  1.868943e-01   1.319710e-03   5.255982e-05
  1.895275e-01   1.340700e-03   5.285868e-05
  1.921606e-01   1.278890e-03   5.047059e-05
  1.947937e-01   1.279710e-03   5.174017e-05
  1.974268e-01   1.242230e-03   4.984994e-05
  2.000599e-01   1.225740e-03   4.934796e-05
  2.026931e-01   1.162460e-03   4.917424e-05
  2.053262e-01   1.149400e-03   4.792064e-05
  2.079593e-01   1.052370e-03   4.843345e-05
  2.105924e-01   1.056400e-03   4.734493e-05
  2.132255e-01   1.000030e-03   4.734873e-05
  2.158587e-01   9.917700e-04   4.622244e-05
  2.184918e-01   1.016410e-03   4.606004e-05
  2.211249e-01   1.000410e-03   4.613076e-05
  2.237580e-01   9.810700e-04   4.514016e-05
  2.263911e-01   9.437800e-04   4.494735e-05
  2.290243e-01   8.077000e-04   4.459938e-05
  2.316574e-01   8.877800e-04   4.378122e-05
  2.342905e-01   8.795800e-04   4.438430e-05
  2.369236e-01   7.181700e-04   4.258029e-05
  2.395567e-01   8.026400e-04   4.377601e-05
  2.421899e-01   7.021600e-04   4.209987e-05
  2.448230e-01   7.754000e-04   4.291263e-05
  2.474561e-01   7.404500e-04   4.216435e-05
  2.500892e-01   6.757100e-04   4.176510e-05
  2.527224e-01   7.777800e-04   4.245524e-05
  2.553555e-01   6.810800e-04   4.129061e-05
  2.579886e-01   6.854700e-04   4.219843e-05
  2.606217e-01   6.896500e-04   4.183882e-05
  2.632548e-01   6.327700e-04   4.132834e-05
  2.658880e-01   5.927300e-04   4.184645e-05
  2.685211e-01   6.377800e-04   4.061489e-05
  2.711542e-01   5.904600e-04   4.140213e-05
  2.737873e-01   5.561700e-04   4.100941e-05
  2.764204e-01   5.850900e-04   4.058317e-05
  2.790536e-01   5.979600e-04   4.074086e-05
  2.816867e-01   4.858500e-04   3.947620e-05
  2.843198e-01   5.075200e-04   3.999877e-05
  2.869529e-01   5.621200e-04   3.868550e-05
  2.895860e-01   5.389400e-04   3.947926e-05
  2.922192e-01   5.112900e-04   3.889534e-05
  2.948523e-01   3.839100e-04   3.857177e-05
  2.974854e-01   5.339200e-04   3.848185e-05
  3.001185e-01   4.337400e-04   3.777853e-05
  3.027517e-01   4.362100e-04   3.773571e-05
  3.053848e-01   4.420300e-04   3.748277e-05
  3.080179e-01   4.452300e-04   3.738238e-05
  3.106510e-01   3.799000e-04   3.768457e-05
  3.132841e-01   4.562500e-04   3.623447e-05
  3.159173e-01   4.382400e-04   3.680246e-05
  3.185504e-01   3.970300e-04   3.621431e-05
  3.211835e-01   3.424400e-04   3.650905e-05
  3.238166e-01   4.236400e-04   3.613584e-05
  3.264497e-01   3.394300e-04   3.568739e-05
  3.290829e-01   3.810600e-04   3.602897e-05
  3.317160e-01   3.447400e-04   3.481352e-05
  3.343491e-01   3.835400e-04   3.572779e-05
  3.369822e-01   3.226200e-04   3.472099e-05
  3.396153e-01   3.426800e-04   3.526128e-05
  3.422485e-01   3.203900e-04   3.524585e-05
  3.448816e-01   3.631500e-04   3.420201e-05
  3.475147e-01   3.412500e-04   3.446599e-05
  3.501478e-01   3.679600e-04   3.403987e-05
  3.527809e-01   3.241300e-04   3.417402e-05
  3.554141e-01   3.240800e-04   3.416235e-05
  3.580472e-01   2.933000e-04   3.342103e-05
  3.606803e-01   3.389400e-04   3.395082e-05
  3.633134e-01   3.227300e-04   3.320525e-05
  3.659466e-01   2.698300e-04   3.374150e-05
  3.685797e-01   2.696000e-04   3.313720e-05
  3.712128e-01   2.694500e-04   3.332146e-05
  3.738459e-01   2.789400e-04   3.293398e-05
  3.764790e-01   2.691800e-04   3.243016e-05
  3.791122e-01   2.456800e-04   3.292554e-05
  3.817453e-01   2.268900e-04   3.229442e-05
  3.843784e-01   2.551100e-04   3.258663e-05
  3.870115e-01   2.513100e-04   3.231017e-05
  3.896446e-01   2.572200e-04   3.208887e-05
  3.922778e-01   2.152100e-04   3.226923e-05
  3.949109e-01   2.234200e-04   3.176334e-05
  3.975440e-01   2.414800e-04   3.197692e-05
  4.001771e-01   2.207200e-04   3.160855e-05
  4.028102e-01   2.481100e-04   3.168425e-05
  4.054434e-01   2.053300e-04   3.130932e-05
  4.080765e-01   1.741700e-04   3.102564e-05
  4.107096e-01   2.025000e-04   3.162273e-05
  4.133427e-01   2.414500e-04   3.096311e-05
  4.159759e-01   2.888600e-04   3.128924e-05
  4.186090e-01   2.560800e-04   3.088016e-05
  4.212421e-01   1.944800e-04   3.071281e-05
  4.238752e-01   1.902700e-04   3.082272e-05
  4.265083e-01   1.896100e-04   3.045314e-05
  4.291415e-01   1.372500e-04   3.061998e-05
  4.317746e-01   1.597900e-04   3.059326e-05
  4.344077e-01   1.821900e-04   3.035365e-05
  4.370408e-01   2.128800e-04   3.014707e-05
  4.396739e-01   1.856700e-04   3.003042e-05
  4.423071e-01   1.943100e-04   3.021874e-05
  4.449402e-01   2.466900e-04   2.983878e-05
  4.475733e-01   1.800600e-04   3.012471e-05
  4.502064e-01   2.000100e-04   2.961866e-05
  4.528395e-01   1.511200e-04   2.977352e-05
  4.554727e-01   1.633800e-04   2.980875e-05
  4.581058e-01   1.918200e-04   2.937699e-05
  4.607389e-01   1.576900e-04   2.968032e-05
  4.633720e-01   1.427000e-04   2.929831e-05
  4.660052e-01   1.261800e-04   2.922825e-05
  4.686383e-01   1.590900e-04   2.927272e-05
  4.712714e-01   1.901100e-04   2.908662e-05
  4.739045e-01   2.309800e-04   2.938362e-05
  4.765376e-01   1.696500e-04   2.887049e-05
  4.791708e-01   1.344600e-04   2.921554e-05
  4.818039e-01   1.556400e-04   2.853921e-05
  4.844370e-01   1.326800e-04   2.894962e-05
  4.870701e-01   1.997400e-04   2.866853e-05
  4.897032e-01   1.613100e-04   2.877205e-05
  4.923364e-01   1.763700e-04   2.877277e-05
  4.949695e-01   1.699900e-04   2.824902e-05
  4.976026e-01   1.710100e-04   2.861329e-05
  5.002357e-01   1.648000e-04   2.835244e-05
  5.028688e-01   1.271900e-04   2.844444e-05
  5.055020e-01   1.537700e-04   2.859994e-05
  5.081351e-01   1.072500e-04   2.802598e-05
  5.107682e-01   1.883000e-04   2.814429e-05
  5.134013e-01   1.654900e-04   2.795703e-05
  5.160344e-01   1.376600e-04   2.823212e-05
  5.186676e-01   1.759900e-04   2.809643e-05
  5.213007e-01   1.358900e-04   2.886487e-05
  5.239338e-01   1.150300e-04   2.880834e-05
  5.265669e-01   1.761000e-04   2.881906e-05
  5.292001e-01   1.585800e-04   2.921906e-05
  5.318332e-01   1.829600e-04   2.916679e-05
  5.344663e-01   1.308300e-04   2.940307e-05
  5.370994e-01   2.004600e-04   2.959848e-05
  5.397325e-01   1.503000e-04   2.945002e-05
  5.423657e-01   1.443300e-04   2.984907e-05
  5.449988e-01   1.295900e-04   2.963097e-05
  5.476319e-01   1.410900e-04   2.999728e-05
  5.502650e-01   1.768500e-04   2.954145e-05
  5.528981e-01   1.650200e-04   2.915226e-05
  5.555313e-01   7.511000e-05   2.887340e-05
  5.581644e-01   1.531500e-04   2.881459e-05
  5.607975e-01   1.260800e-04   2.888667e-05
  5.634306e-01   1.415000e-04   2.838488e-05
  5.660637e-01   1.250000e-04   2.840343e-05
  5.686969e-01   1.289700e-04   2.811989e-05
  5.713300e-01   1.496300e-04   2.819519e-05
  5.739631e-01   9.906000e-05   2.819115e-05
  5.765962e-01   1.282500e-04   2.786739e-05
  5.792294e-01   1.283700e-04   2.824427e-05
  5.818625e-01   9.813000e-05   2.749273e-05
  5.844956e-01   1.180400e-04   2.800236e-05
  5.871287e-01   9.792000e-05   2.755870e-05
  5.897618e-01   1.136000e-04   2.785187e-05
  5.923950e-01   9.801000e-05   2.759615e-05
  5.950281e-01   9.562000e-05   2.747907e-05
  5.976612e-01   8.538000e-05   2.746487e-05
  6.002943e-01   1.102400e-04   2.748022e-05
  6.029274e-01   8.710000e-05   2.737510e-05
  6.055606e-01   1.200400e-04   2.741825e-05
  6.081937e-01   8.730000e-05   2.722172e-05
  6.108268e-01   1.170500e-04   2.737019e-05
  6.134599e-01   1.155100e-04   2.691225e-05
  6.160930e-01   1.078900e-04   2.743227e-05
  6.187262e-01   1.512400e-04   2.691964e-05
  6.213593e-01   1.091700e-04   2.708463e-05
  6.239924e-01   8.115000e-05   2.681604e-05
  6.266255e-01   1.167500e-04   2.710758e-05
  6.292587e-01   1.083300e-04   2.702505e-05
  6.318918e-01   5.261000e-05   2.685538e-05
  6.345249e-01   1.452500e-04   2.705281e-05
  6.371580e-01   1.133500e-04   2.676656e-05
  6.397911e-01   7.854000e-05   2.706705e-05
  6.424243e-01   1.381500e-04   2.699029e-05
  6.450574e-01   1.513300e-04   2.729491e-05
  6.476905e-01   1.254400e-04   2.725760e-05
  6.503236e-01   7.314000e-05   2.691474e-05
  6.529567e-01   1.396100e-04   2.736132e-05
  6.555899e-01   9.408000e-05   2.719772e-05
  6.582230e-01   1.247200e-04   2.719656e-05
  6.608561e-01   8.698000e-05   2.750945e-05
  6.634892e-01   1.019000e-04   2.708011e-05
  6.661223e-01   1.006200e-04   2.739921e-05
  6.687555e-01   9.572000e-05   2.704535e-05
  6.713886e-01   9.818000e-05   2.737065e-05
  6.740217e-01   7.593000e-05   2.676961e-05
  6.766548e-01   1.190100e-04   2.700152e-05
  6.792879e-01   6.261000e-05   2.678696e-05
  6.819211e-01   9.985000e-05   2.700177e-05
  6.845542e-01   8.107000e-05   2.689044e-05
  6.871873e-01   3.041000e-05   2.683778e-05
  6.898204e-01   7.274000e-05   2.666816e-05
  6.924536e-01   9.295000e-05   2.652527e-05
  6.950867e-01   6.619000e-05   2.675446e-05
  6.977198e-01   5.245000e-05   2.659610e-05
  7.003529e-01   5.454000e-05   2.676261e-05
  7.029860e-01   9.140000e-06   2.638058e-05
  7.056192e-01   8.956000e-05   2.657037e-05
  7.082523e-01   7.118000e-05   2.661847e-05
  7.108854e-01   5.838000e-05   2.641125e-05
  7.135185e-01   5.817000e-05   2.650962e-05
  7.161516e-01   6.623000e-05   2.649829e-05
  7.187848e-01   7.424000e-05   2.629622e-05
  7.214179e-01   9.946000e-05   2.638453e-05
  7.240510e-01   1.127600e-04   2.636841e-05
  7.266841e-01   1.123000e-05   2.642465e-05
  7.293172e-01   7.456000e-05   2.606196e-05
  7.319504e-01   3.640000e-05   2.640609e-05
  7.345835e-01   5.115000e-05   2.615460e-05
  7.372166e-01   7.142000e-05   2.623702e-05
  7.398497e-01   1.086600e-04   2.612643e-05
  7.424829e-01   7.543000e-05   2.622944e-05
  7.451160e-01   5.697000e-05   2.641842e-05
  7.477491e-01   7.433000e-05   2.596754e-05
  7.503822e-01   2.944000e-05   2.637813e-05
  7.530153e-01   7.023000e-05   2.583511e-05
  7.556485e-01   9.041000e-05   2.613206e-05
  7.582816e-01   5.940000e-05   2.600681e-05
  7.609147e-01   6.005000e-05   2.620138e-05
  7.635478e-01   3.386000e-05   2.608276e-05
  7.661809e-01   4.603000e-05   2.585643e-05
  7.688141e-01   6.036000e-05   2.600269e-05
  7.714472e-01   8.483000e-05   2.594305e-05
  7.740803e-01   5.366000e-05   2.622879e-05
  7.767134e-01   3.599000e-05   2.584896e-05
  7.793465e-01   1.040200e-04   2.591639e-05
  7.819797e-01   5.218000e-05   2.585541e-05
  7.846128e-01   3.035000e-05   2.599618e-05
  7.872459e-01   4.007000e-05   2.606889e-05
  7.898790e-01   4.904000e-05   2.570107e-05
  7.925122e-01   6.533000e-05   2.591772e-05
  7.951453e-01   5.869000e-05   2.578653e-05
  7.977784e-01   4.883000e-05   2.587802e-05
  8.004115e-01   6.286000e-05   2.587253e-05
  8.030446e-01   9.389000e-05   2.575937e-05
  8.056778e-01   5.629000e-05   2.588202e-05
  8.083109e-01   3.779000e-05   2.575676e-05
  8.109440e-01   8.198000e-05   2.584257e-05
  8.135771e-01   8.669000e-05   2.572508e-05
  8.162102e-01   7.731000e-05   2.564062e-05
  8.188434e-01   8.953000e-05   2.566553e-05
  8.214765e-01   5.102000e-05   2.578538e-05
  8.241096e-01   7.304000e-05   2.570708e-05
  8.267427e-01   6.551000e-05   2.561485e-05
  8.293758e-01   6.123000e-05   2.573166e-05
  8.320090e-01   7.610000e-05   2.555903e-05
  8.346421e-01   5.723000e-05   2.584147e-05
  8.372752e-01   3.836000e-05   2.560557e-05
  8.399083e-01   4.687000e-05   2.550713e-05
  8.425414e-01   5.178000e-05   2.562377e-05
  8.451746e-01   2.691000e-05   2.567637e-05
  8.478077e-01   7.142000e-05   2.576469e-05
  8.504408e-01   5.197000e-05   2.547845e-05
  8.530739e-01   5.336000e-05   2.567680e-05
  8.557071e-01   4.003000e-05   2.549848e-05
  8.583402e-01   7.685000e-05   2.574056e-05
  8.609733e-01   6.967000e-05   2.563296e-05
  8.636064e-01   6.594000e-05   2.536679e-05
  8.662395e-01   1.041400e-04   2.560560e-05
  8.688727e-01   8.810000e-05   2.559306e-05
  8.715058e-01   6.146000e-05   2.566234e-05
  8.741389e-01   1.091000e-05   2.557895e-05
  8.767720e-01   2.950000e-05   2.565138e-05
  8.794051e-01   7.191000e-05   2.563325e-05
  8.820383e-01   5.430000e-06   2.579884e-05
  8.846714e-01   5.108000e-05   2.561711e-05
  8.873045e-01   5.800000e-07   2.576061e-05
  8.899376e-01   6.126000e-05   2.572332e-05
  8.925707e-01   5.036000e-05   2.593646e-05
  8.952039e-01   6.859000e-05   2.594998e-05
  8.978370e-01   2.958000e-05   2.576951e-05
  9.004701e-01   7.054000e-05   2.596967e-05
  9.031032e-01   6.166000e-05   2.588824e-05
  9.057364e-01   5.871000e-05   2.607910e-05
  9.083695e-01   4.779000e-05   2.588784e-05
  9.110026e-01   5.531000e-05   2.663665e-05
  9.136357e-01   6.729000e-05   2.665298e-05
  9.162688e-01   6.203000e-05   2.718171e-05
  9.189020e-01   5.651000e-05   2.759434e-05
  9.215351e-01   7.294000e-05   2.807594e-05
  9.241682e-01   6.582000e-05   2.953933e-05
  9.268013e-01   3.645000e-05   3.558559e-05
  9.294344e-01  -1.423000e-05   4.154039e-05
  9.320676e-01   1.359000e-05   5.087660e-05
  9.347007e-01   5.347000e-05   6.285429e-05
  9.373338e-01  -3.458000e-05   8.335848e-05
  9.399669e-01   5.712000e-05   1.252639e-04
  9.426000e-01   4.976000e-05   4.123192e-04

